list(N=4.73000E+02, lower=c(-1.38629E+00, -1.38629E+00, -1.38629E+00, -1.38629E+00, 1.38629E+00, -1.38629E+00, -9.21034E+00, 1.38629E+00, 1.38629E+00, -9.21034E+00, -6.93147E-01, 1.38629E+00, 1.38629E+00, -6.93147E-01, 6.93147E-01, -6.93147E-01, -1.38629E+00, -6.93147E-01, -6.93147E-01, 1.38629E+00, -1.38629E+00, 1.38629E+00, -1.38629E+00, -6.93147E-01, -9.21034E+00, -6.93147E-01, -6.93147E-01, -6.93147E-01, -6.93147E-01, -6.93147E-01, 1.38629E+00, 1.38629E+00, 6.93147E-01, -1.38629E+00, -9.21034E+00, -9.21034E+00, -6.93147E-01, -9.21034E+00, 1.38629E+00, -9.21034E+00, 1.38629E+00, -6.93147E-01, 1.38629E+00, 1.38629E+00, -1.38629E+00, -9.21034E+00, -9.21034E+00, -9.21034E+00, -9.21034E+00, -9.21034E+00, -9.21034E+00, -1.38629E+00, -1.38629E+00, -6.93147E-01, -9.21034E+00, -6.93147E-01, -6.93147E-01, 1.38629E+00, -6.93147E-01, -6.93147E-01, -6.93147E-01, -9.21034E+00, -6.93147E-01, -1.38629E+00, -1.38629E+00, 1.38629E+00, 0.00000E+00, -1.38629E+00, 1.38629E+00, 1.38629E+00, -9.21034E+00, -1.38629E+00, 1.38629E+00, -9.21034E+00, -9.21034E+00, 1.38629E+00, 1.38629E+00, 1.38629E+00, 6.93147E-01, 1.38629E+00, 1.38629E+00, 1.38629E+00, 1.38629E+00, -1.38629E+00, -1.38629E+00, -1.38629E+00, -1.38629E+00, -1.38629E+00, -1.38629E+00, -1.38629E+00, 1.38629E+00, -1.38629E+00, -6.93147E-01, -6.93147E-01, -1.38629E+00, -1.38629E+00, -6.93147E-01, -6.93147E-01, -1.38629E+00, -6.93147E-01, -6.93147E-01, 1.38629E+00, -6.93147E-01, 6.93147E-01, -6.93147E-01, -6.93147E-01, -6.93147E-01, -1.38629E+00, -9.21034E+00, -6.93147E-01, -9.21034E+00, -6.93147E-01, -9.21034E+00, -9.21034E+00, -9.21034E+00, -1.38629E+00, -1.38629E+00, -9.21034E+00, -1.38629E+00, -9.21034E+00, -1.38629E+00, -6.93147E-01, -6.93147E-01, -1.38629E+00, -9.21034E+00, -1.38629E+00, 6.93147E-01, 6.93147E-01, 1.38629E+00, 6.93147E-01, 6.93147E-01, -6.93147E-01, 1.38629E+00, 1.38629E+00, -6.93147E-01, 6.93147E-01, 6.93147E-01, 1.38629E+00, 1.38629E+00, 1.38629E+00, 1.38629E+00, -9.21034E+00, 1.38629E+00, 1.38629E+00, 1.38629E+00, 6.93147E-01, 0.00000E+00, 0.00000E+00, 0.00000E+00, -6.93147E-01, -1.38629E+00, -9.21034E+00, -9.21034E+00, -9.21034E+00, -9.21034E+00, 1.38629E+00, 1.38629E+00, 1.38629E+00, 1.38629E+00, -9.21034E+00, -9.21034E+00, -1.38629E+00, -9.21034E+00, -9.21034E+00, -1.38629E+00, -9.21034E+00, -1.38629E+00, -9.21034E+00, -1.38629E+00, -9.21034E+00, -6.93147E-01, -9.21034E+00, 6.93147E-01, -6.93147E-01, -9.21034E+00, 0.00000E+00, -6.93147E-01, 0.00000E+00, -9.21034E+00, 0.00000E+00, -1.38629E+00, -1.38629E+00, -6.93147E-01, -1.38629E+00, -6.93147E-01, 6.93147E-01, -9.21034E+00, 6.93147E-01, -9.21034E+00, -1.38629E+00, -1.38629E+00, 1.38629E+00, -1.38629E+00, -9.21034E+00, 1.38629E+00, -1.38629E+00, -6.93147E-01, -6.93147E-01, 0.00000E+00, -1.38629E+00, -9.21034E+00, -9.21034E+00, -9.21034E+00, -1.38629E+00, -9.21034E+00, -1.38629E+00, -9.21034E+00, -9.21034E+00, 1.38629E+00, -6.93147E-01, -6.93147E-01, -9.21034E+00, -1.38629E+00, -1.38629E+00, -6.93147E-01, -6.93147E-01, -6.93147E-01, -6.93147E-01, -6.93147E-01, -6.93147E-01, -1.38629E+00, -9.21034E+00, -1.38629E+00, -1.38629E+00, 6.93147E-01, -1.38629E+00, -9.21034E+00, -6.93147E-01, -1.38629E+00, -1.38629E+00, -1.38629E+00, -1.38629E+00, 1.38629E+00, -1.38629E+00, -1.38629E+00, -1.38629E+00, 0.00000E+00, -1.38629E+00, -6.93147E-01, -1.38629E+00, -9.21034E+00, -9.21034E+00, -9.21034E+00, -9.21034E+00, -9.21034E+00, -9.21034E+00, -6.93147E-01, -9.21034E+00, -9.21034E+00, -1.38629E+00, -9.21034E+00, 1.38629E+00, 1.38629E+00, -9.21034E+00, -9.21034E+00, 0.00000E+00, -9.21034E+00, -9.21034E+00, -1.38629E+00, -9.21034E+00, -9.21034E+00, -9.21034E+00, -9.21034E+00, -9.21034E+00, -6.93147E-01, -6.93147E-01, 1.38629E+00, -6.93147E-01, 1.38629E+00, 1.38629E+00, 1.38629E+00, 1.38629E+00, -6.93147E-01, -6.93147E-01, 1.38629E+00, 6.93147E-01, -1.38629E+00, 6.93147E-01, 1.38629E+00, -1.38629E+00, 1.38629E+00, 1.38629E+00, 1.38629E+00, 1.38629E+00, -6.93147E-01, 1.38629E+00, 1.38629E+00, 1.38629E+00, 1.38629E+00, -1.38629E+00, 1.38629E+00, 0.00000E+00, 6.93147E-01, -1.38629E+00, -6.93147E-01, -1.38629E+00, -9.21034E+00, 1.38629E+00, -6.93147E-01, 1.38629E+00, 6.93147E-01, -9.21034E+00, 6.93147E-01, -6.93147E-01, 1.38629E+00, 1.38629E+00, 1.38629E+00, 1.38629E+00, 1.38629E+00, 1.38629E+00, -1.38629E+00, 1.38629E+00, -1.38629E+00, 1.38629E+00, 6.93147E-01, 1.38629E+00, 1.38629E+00, -9.21034E+00, 1.38629E+00, -6.93147E-01, 1.38629E+00, -6.93147E-01, 1.38629E+00, 1.38629E+00, 1.38629E+00, -1.38629E+00, -9.21034E+00, -1.38629E+00, -9.21034E+00, 1.38629E+00, 1.38629E+00, 6.93147E-01, 6.93147E-01, 6.93147E-01, -1.38629E+00, -1.38629E+00, -1.38629E+00, -1.38629E+00, -9.21034E+00, 6.93147E-01, 6.93147E-01, -6.93147E-01, 0.00000E+00, 1.38629E+00, -1.38629E+00, -9.21034E+00, 6.93147E-01, -9.21034E+00, 1.38629E+00, 1.38629E+00, 1.38629E+00, 1.38629E+00, 1.38629E+00, 1.38629E+00, -1.38629E+00, 1.38629E+00, -9.21034E+00, 1.38629E+00, 1.38629E+00, 1.38629E+00, -1.38629E+00, -1.38629E+00, 0.00000E+00, -1.38629E+00, -9.21034E+00, 6.93147E-01, 1.38629E+00, 1.38629E+00, 1.38629E+00, -9.21034E+00, 0.00000E+00, -9.21034E+00, -9.21034E+00, -9.21034E+00, 1.38629E+00, -9.21034E+00, 1.38629E+00, 1.38629E+00, 1.38629E+00, -1.38629E+00, 6.93147E-01, 6.93147E-01, -9.21034E+00, 6.93147E-01, 1.38629E+00, -9.21034E+00, -6.93147E-01, -9.21034E+00, -6.93147E-01, -6.93147E-01, -6.93147E-01, -6.93147E-01, -6.93147E-01, -6.93147E-01, -6.93147E-01, -6.93147E-01, 0.00000E+00, -6.93147E-01, 1.38629E+00, -1.38629E+00, -1.38629E+00, -9.21034E+00, -9.21034E+00, 1.38629E+00, -9.21034E+00, 1.38629E+00, 1.38629E+00, -9.21034E+00, -6.93147E-01, -9.21034E+00, -9.21034E+00, -9.21034E+00, -9.21034E+00, -9.21034E+00, -9.21034E+00, -9.21034E+00, -9.21034E+00, -9.21034E+00, -1.38629E+00, -6.93147E-01, -6.93147E-01, -1.38629E+00, -6.93147E-01, -6.93147E-01, -1.38629E+00, 1.38629E+00, -6.93147E-01, 1.38629E+00, 1.38629E+00, 1.38629E+00, -9.21034E+00, 1.38629E+00, 1.38629E+00, -9.21034E+00, -9.21034E+00, -9.21034E+00, -9.21034E+00, -1.38629E+00, -6.93147E-01, 1.38629E+00, -6.93147E-01, -1.38629E+00, -6.93147E-01, 1.38629E+00, 1.38629E+00, 0.00000E+00, -6.93147E-01, -6.93147E-01, -9.21034E+00, -9.21034E+00, -1.38629E+00, -1.38629E+00, -1.38629E+00, -9.21034E+00, -1.38629E+00, 6.93147E-01, -9.21034E+00, 0.00000E+00, -1.38629E+00, -1.38629E+00, -1.38629E+00, 0.00000E+00, -6.93147E-01, -6.93147E-01, 1.38629E+00, -9.21034E+00, -9.21034E+00, -1.38629E+00, -9.21034E+00, -9.21034E+00, -9.21034E+00, -9.21034E+00, -9.21034E+00),